Ap=20.44*10^(-4);
beta=9.81*10^(8);
Vo=1.063*10^(-4);
Po=10^(7);
P1i=Po;
P2i=Po;
Xp0=0;
Vp0=0;
CL=0;
M=1000;
F=2.044*10^(3);